{
 "cells": [
  {
   "cell_type": "markdown",
   "metadata": {},
   "source": [
    "### Clustering Fuzzy C-Means"
   ]
  },
  {
   "cell_type": "code",
   "execution_count": 1,
   "metadata": {},
   "outputs": [],
   "source": [
    "library(e1071)"
   ]
  },
  {
   "cell_type": "code",
   "execution_count": 2,
   "metadata": {},
   "outputs": [
    {
     "data": {
      "text/plain": [
       "Fuzzy c-means clustering with 3 clusters\n",
       "\n",
       "Cluster centers:\n",
       "  Sepal.Length Sepal.Width Petal.Length Petal.Width\n",
       "1     6.775081    3.052403     5.646869   2.0535804\n",
       "2     5.888991    2.761090     4.364037   1.3973588\n",
       "3     5.003966    3.414086     1.482820   0.2535484\n",
       "\n",
       "Memberships:\n",
       "                  1            2           3\n",
       "  [1,] 0.0010720476 0.0023043741 0.996623578\n",
       "  [2,] 0.0074975677 0.0166483582 0.975854074\n",
       "  [3,] 0.0064143346 0.0137587492 0.979826916\n",
       "  [4,] 0.0101070243 0.0224635025 0.967429473\n",
       "  [5,] 0.0017679418 0.0037616697 0.994470388\n",
       "  [6,] 0.0206187883 0.0448038331 0.934577379\n",
       "  [7,] 0.0065042612 0.0140030380 0.979492701\n",
       "  [8,] 0.0001411978 0.0003115117 0.999547291\n",
       "  [9,] 0.0219014789 0.0477148762 0.930383645\n",
       " [10,] 0.0053412733 0.0119346076 0.982724119\n",
       " [11,] 0.0102005747 0.0217556890 0.968043736\n",
       " [12,] 0.0024309104 0.0054313579 0.992137732\n",
       " [13,] 0.0091767452 0.0201813694 0.970641885\n",
       " [14,] 0.0252350969 0.0517915164 0.922973387\n",
       " [15,] 0.0376305379 0.0726067446 0.889762717\n",
       " [16,] 0.0543042355 0.1043454658 0.841350299\n",
       " [17,] 0.0174950158 0.0355776135 0.946927371\n",
       " [18,] 0.0010587857 0.0022884436 0.996652771\n",
       " [19,] 0.0303067043 0.0655533214 0.904139974\n",
       " [20,] 0.0066534291 0.0141566739 0.979189897\n",
       " [21,] 0.0095397374 0.0218536955 0.968606567\n",
       " [22,] 0.0047936828 0.0103726797 0.984833638\n",
       " [23,] 0.0138324937 0.0275081653 0.958659341\n",
       " [24,] 0.0061109793 0.0144597160 0.979429305\n",
       " [25,] 0.0098375085 0.0232406483 0.966921843\n",
       " [26,] 0.0079729150 0.0184569475 0.973570138\n",
       " [27,] 0.0015730933 0.0035808395 0.994846067\n",
       " [28,] 0.0020866600 0.0045647958 0.993348544\n",
       " [29,] 0.0019959226 0.0043278814 0.993676196\n",
       " [30,] 0.0062821631 0.0142000753 0.979517762\n",
       " [31,] 0.0064729985 0.0147975242 0.978729477\n",
       " [32,] 0.0079389944 0.0176948678 0.974366138\n",
       " [33,] 0.0203334228 0.0411434538 0.938523123\n",
       " [34,] 0.0323471795 0.0634789637 0.904173857\n",
       " [35,] 0.0045936853 0.0103398435 0.985066471\n",
       " [36,] 0.0048050452 0.0102007234 0.984994231\n",
       " [37,] 0.0115636529 0.0242502332 0.964186114\n",
       " [38,] 0.0029265350 0.0061823469 0.990891118\n",
       " [39,] 0.0192316775 0.0410808906 0.939687432\n",
       " [40,] 0.0005332134 0.0011776387 0.998289148\n",
       " [41,] 0.0016883382 0.0035838751 0.994727787\n",
       " [42,] 0.0469924988 0.1022642349 0.850743266\n",
       " [43,] 0.0152077665 0.0321744501 0.952617783\n",
       " [44,] 0.0063289887 0.0143813682 0.979289643\n",
       " [45,] 0.0165996474 0.0381255244 0.945274828\n",
       " [46,] 0.0086309819 0.0192207568 0.972148261\n",
       " [47,] 0.0073646406 0.0158412067 0.976794153\n",
       " [48,] 0.0081263675 0.0176512511 0.974222381\n",
       " [49,] 0.0072592817 0.0155193453 0.977221373\n",
       " [50,] 0.0009192783 0.0020080995 0.997072622\n",
       " [51,] 0.5011035785 0.4543210781 0.044575343\n",
       " [52,] 0.2067539780 0.7640882939 0.029157728\n",
       " [53,] 0.5999017664 0.3688300401 0.031268194\n",
       " [54,] 0.0804537692 0.8701832844 0.049362946\n",
       " [55,] 0.2170790974 0.7588180525 0.024102850\n",
       " [56,] 0.0204621804 0.9737974993 0.005740320\n",
       " [57,] 0.2971233297 0.6730847408 0.029791929\n",
       " [58,] 0.1323098174 0.5824790982 0.285211084\n",
       " [59,] 0.2476781431 0.7210937077 0.031228149\n",
       " [60,] 0.0947094243 0.8305134814 0.074777094\n",
       " [61,] 0.1450647080 0.6364898265 0.218445465\n",
       " [62,] 0.0287379019 0.9620750858 0.009187012\n",
       " [63,] 0.1011254940 0.8432356194 0.055638887\n",
       " [64,] 0.0881886756 0.8997035868 0.012107738\n",
       " [65,] 0.0921947517 0.8161379804 0.091667268\n",
       " [66,] 0.2683454200 0.6899387378 0.041715842\n",
       " [67,] 0.0526669739 0.9331802376 0.014152788\n",
       " [68,] 0.0483828152 0.9257135040 0.025903681\n",
       " [69,] 0.1373918019 0.8354665572 0.027141641\n",
       " [70,] 0.0707847383 0.8776401852 0.051575076\n",
       " [71,] 0.2506635558 0.7217245380 0.027611906\n",
       " [72,] 0.0462374509 0.9342635347 0.019499014\n",
       " [73,] 0.2705016582 0.7055315987 0.023966743\n",
       " [74,] 0.0832904557 0.9027810442 0.013928500\n",
       " [75,] 0.1011573026 0.8759403469 0.022902350\n",
       " [76,] 0.2112218686 0.7548419338 0.033936198\n",
       " [77,] 0.4426474476 0.5237476136 0.033604939\n",
       " [78,] 0.6723775098 0.3064329265 0.021189564\n",
       " [79,] 0.0261626988 0.9689054944 0.004931807\n",
       " [80,] 0.1046678400 0.7669848969 0.128347263\n",
       " [81,] 0.0899006889 0.8322728355 0.077826476\n",
       " [82,] 0.1007536390 0.7954422157 0.103804145\n",
       " [83,] 0.0503196415 0.9186851494 0.030995209\n",
       " [84,] 0.3196117759 0.6564208715 0.023967353\n",
       " [85,] 0.0824439578 0.8911736169 0.026382425\n",
       " [86,] 0.1706577739 0.7972040726 0.032138154\n",
       " [87,] 0.4110409761 0.5555069750 0.033452049\n",
       " [88,] 0.1154531649 0.8576845567 0.026862278\n",
       " [89,] 0.0469958745 0.9289040562 0.024100069\n",
       " [90,] 0.0623914650 0.8994163810 0.038192154\n",
       " [91,] 0.0492317975 0.9311328452 0.019635357\n",
       " [92,] 0.0726841167 0.9157042717 0.011611612\n",
       " [93,] 0.0418023204 0.9356690001 0.022528680\n",
       " [94,] 0.1327421923 0.5982919230 0.268965885\n",
       " [95,] 0.0284539337 0.9588580425 0.012688024\n",
       " [96,] 0.0376858238 0.9455245752 0.016789601\n",
       " [97,] 0.0230240084 0.9673931192 0.009582872\n",
       " [98,] 0.0447128246 0.9438826325 0.011404543\n",
       " [99,] 0.1245118235 0.5200987619 0.355389415\n",
       "[100,] 0.0267529482 0.9605478462 0.012699206\n",
       "[101,] 0.8599051915 0.1207388821 0.019355926\n",
       "[102,] 0.3550303302 0.6156753552 0.029294315\n",
       "[103,] 0.9558094241 0.0381206729 0.006069903\n",
       "[104,] 0.8454642717 0.1420075594 0.012528169\n",
       "[105,] 0.9576018243 0.0376440256 0.004754150\n",
       "[106,] 0.8119111628 0.1526405708 0.035448266\n",
       "[107,] 0.1670303510 0.7599903213 0.072979328\n",
       "[108,] 0.8630035978 0.1151072250 0.021889177\n",
       "[109,] 0.8686550701 0.1173526476 0.013992282\n",
       "[110,] 0.8610320255 0.1145606517 0.024407323\n",
       "[111,] 0.7732560243 0.2099761067 0.016767869\n",
       "[112,] 0.7610084682 0.2232328871 0.015758645\n",
       "[113,] 0.9888034202 0.0100290211 0.001167559\n",
       "[114,] 0.3056049733 0.6600339562 0.034361071\n",
       "[115,] 0.5005634124 0.4610670152 0.038369572\n",
       "[116,] 0.8498127968 0.1361211858 0.014066017\n",
       "[117,] 0.9131609086 0.0796743110 0.007164780\n",
       "[118,] 0.7636341883 0.1857902544 0.050575557\n",
       "[119,] 0.7576014383 0.1932280834 0.049170478\n",
       "[120,] 0.2570340451 0.7107826731 0.032183282\n",
       "[121,] 0.9704942290 0.0256813101 0.003824461\n",
       "[122,] 0.2593252827 0.7070385627 0.033636155\n",
       "[123,] 0.7832419585 0.1747988250 0.041959217\n",
       "[124,] 0.3813298723 0.5958721952 0.022797933\n",
       "[125,] 0.9753477660 0.0217396070 0.002912627\n",
       "[126,] 0.9119621760 0.0751372201 0.012900604\n",
       "[127,] 0.2711475236 0.7078796015 0.020972875\n",
       "[128,] 0.3299013896 0.6470119519 0.023086659\n",
       "[129,] 0.9085976906 0.0830421042 0.008360205\n",
       "[130,] 0.8908267361 0.0947321471 0.014441117\n",
       "[131,] 0.8728058014 0.1074161326 0.019778066\n",
       "[132,] 0.7601414541 0.1889675643 0.050890982\n",
       "[133,] 0.9061649448 0.0848767514 0.008958304\n",
       "[134,] 0.4362902208 0.5403219194 0.023387860\n",
       "[135,] 0.5760180541 0.3927976926 0.031184253\n",
       "[136,] 0.8396076520 0.1317413162 0.028651032\n",
       "[137,] 0.8540542398 0.1287190510 0.017226709\n",
       "[138,] 0.8800785348 0.1101345492 0.009786916\n",
       "[139,] 0.2282937675 0.7499884545 0.021717778\n",
       "[140,] 0.9675370152 0.0289729951 0.003489990\n",
       "[141,] 0.9572458506 0.0376777125 0.005076437\n",
       "[142,] 0.8550835620 0.1295135774 0.015402861\n",
       "[143,] 0.3550303302 0.6156753552 0.029294315\n",
       "[144,] 0.9610436205 0.0337111346 0.005245245\n",
       "[145,] 0.9271303522 0.0631712677 0.009698380\n",
       "[146,] 0.8823085109 0.1064266891 0.011264800\n",
       "[147,] 0.4665746006 0.5076295641 0.025795835\n",
       "[148,] 0.8313618982 0.1565203950 0.012117707\n",
       "[149,] 0.7893356729 0.1890808283 0.021583499\n",
       "[150,] 0.3911989219 0.5818834728 0.026917605\n",
       "\n",
       "Closest hard clustering:\n",
       "  [1] 3 3 3 3 3 3 3 3 3 3 3 3 3 3 3 3 3 3 3 3 3 3 3 3 3 3 3 3 3 3 3 3 3 3 3 3 3\n",
       " [38] 3 3 3 3 3 3 3 3 3 3 3 3 3 1 2 1 2 2 2 2 2 2 2 2 2 2 2 2 2 2 2 2 2 2 2 2 2\n",
       " [75] 2 2 2 1 2 2 2 2 2 2 2 2 2 2 2 2 2 2 2 2 2 2 2 2 2 2 1 2 1 1 1 1 2 1 1 1 1\n",
       "[112] 1 1 2 1 1 1 1 1 2 1 2 1 2 1 1 2 2 1 1 1 1 1 2 1 1 1 1 2 1 1 1 2 1 1 1 2 1\n",
       "[149] 1 2\n",
       "\n",
       "Available components:\n",
       "[1] \"centers\"     \"size\"        \"cluster\"     \"membership\"  \"iter\"       \n",
       "[6] \"withinerror\" \"call\"       "
      ]
     },
     "metadata": {},
     "output_type": "display_data"
    }
   ],
   "source": [
    "cluster = cmeans(iris[,1:4], center=3)\n",
    "cluster"
   ]
  },
  {
   "cell_type": "code",
   "execution_count": 3,
   "metadata": {},
   "outputs": [
    {
     "data": {
      "text/plain": [
       "            Length Class  Mode   \n",
       "centers      12    -none- numeric\n",
       "size          3    -none- numeric\n",
       "cluster     150    -none- numeric\n",
       "membership  450    -none- numeric\n",
       "iter          1    -none- numeric\n",
       "withinerror   1    -none- numeric\n",
       "call          3    -none- call   "
      ]
     },
     "metadata": {},
     "output_type": "display_data"
    }
   ],
   "source": [
    "summary(cluster)"
   ]
  },
  {
   "cell_type": "code",
   "execution_count": 4,
   "metadata": {},
   "outputs": [
    {
     "data": {
      "text/plain": [
       "            \n",
       "              1  2  3\n",
       "  setosa      0  0 50\n",
       "  versicolor  3 47  0\n",
       "  virginica  37 13  0"
      ]
     },
     "metadata": {},
     "output_type": "display_data"
    }
   ],
   "source": [
    "table(iris$Species, cluster$cluster)"
   ]
  }
 ],
 "metadata": {
  "kernelspec": {
   "display_name": "R 3.3",
   "language": "R",
   "name": "ir33"
  },
  "language_info": {
   "codemirror_mode": "r",
   "file_extension": ".r",
   "mimetype": "text/x-r-source",
   "name": "R",
   "pygments_lexer": "r",
   "version": "3.6.1"
  }
 },
 "nbformat": 4,
 "nbformat_minor": 4
}
